# Shifted data such that we push at the beginning for longer
0.000000000000000000e+00 -7.917650000000000521e-01 1.865199999999999844e-02 -8.104160000000000252e-01
3.750000000000000555e-02 -2.454572999999999894e+00 8.580000000000000387e-04 -2.455429999999999779e+00
7.500000000000001110e-02 -3.068595999999999879e+00 3.939999999999999926e-03 -3.072537000000000074e+00
1.125000000000000167e-01 -2.615420999999999996e+00 8.583000000000000351e-03 -2.624003999999999781e+00
1.500000000000000222e-01 -1.847401999999999989e+00 1.156199999999999936e-02 -1.858964000000000061e+00
1.875000000000000278e-01 -1.257441000000000031e+00 2.050000000000000086e-02 -1.277940999999999994e+00
2.250000000000000333e-01 -8.432169999999999943e-01 4.260400000000000298e-02 -8.858209999999999695e-01
2.625000000000000666e-01 -1.547570000000000057e-01 1.820060000000000011e-01 -3.367640000000000078e-01
3.000000000000000444e-01 4.742400000000000088e-02 2.229170000000000040e-01 -1.754930000000000101e-01
3.375000000000000222e-01 -3.870850000000000124e-01 3.971299999999999830e-02 -4.267980000000000107e-01
3.750000000000000555e-01 -6.339029999999999943e-01 1.961299999999999849e-02 -6.535149999999999570e-01
4.125000000000000888e-01 -7.303169999999999940e-01 1.342499999999999943e-02 -7.437420000000000142e-01
4.500000000000000666e-01 -5.512010000000000520e-01 3.078300000000000133e-02 -5.819839999999999458e-01
4.875000000000000444e-01 -2.427149999999999863e-01 1.165449999999999958e-01 -3.592589999999999950e-01
5.250000000000001332e-01 1.467729999999999868e-01 2.825679999999999858e-01 -1.357949999999999990e-01
5.625000000000001110e-01 5.327859999999999818e-01 5.404079999999999995e-01 -7.622000000000000303e-03
6.000000000000000888e-01 7.749610000000000110e-01 7.758260000000000156e-01 -8.649999999999999920e-04
6.375000000000000666e-01 9.839799999999999658e-01 9.843279999999999808e-01 -3.469999999999999777e-04
6.750000000000000444e-01 1.215864999999999974e+00 1.218164000000000025e+00 -2.298999999999999828e-03
7.125000000000001332e-01 1.387107000000000090e+00 1.387594999999999912e+00 -4.879999999999999898e-04
7.500000000000001110e-01 1.486339000000000077e+00 1.487810000000000077e+00 -1.471000000000000085e-03
7.875000000000000888e-01 1.475981999999999905e+00 1.476388000000000034e+00 -4.070000000000000267e-04
8.250000000000001776e-01 1.402047999999999961e+00 1.404139999999999944e+00 -2.092000000000000109e-03
8.625000000000001554e-01 1.347704999999999931e+00 1.352095999999999965e+00 -4.390999999999999938e-03
9.000000000000001332e-01 1.362009000000000025e+00 1.365882999999999958e+00 -3.873999999999999840e-03
9.375000000000001110e-01 1.413062999999999958e+00 1.417327999999999921e+00 -4.265999999999999827e-03
9.750000000000000888e-01 1.438279000000000085e+00 1.441724000000000006e+00 -3.445000000000000145e-03
1.012500000000000178e+00 1.355652000000000079e+00 1.360811999999999911e+00 -5.159999999999999656e-03
1.050000000000000266e+00 1.112959000000000032e+00 1.119347000000000092e+00 -6.387000000000000316e-03
1.087500000000000133e+00 9.155539999999999790e-01 9.208330000000000126e-01 -5.277999999999999706e-03
1.125000000000000222e+00 8.629930000000000101e-01 8.683370000000000255e-01 -5.344999999999999925e-03
1.162500000000000089e+00 5.605830000000000535e-01 6.052269999999999595e-01 -4.464400000000000313e-02
