0.000000 -0.551201 0.030783 -0.581984
0.037500 -0.242715 0.116545 -0.359259
0.075000 0.146773 0.282568 -0.135795
0.112500 0.532786 0.540408 -0.007622
0.150000 0.774961 0.775826 -0.000865
0.187500 0.983980 0.984328 -0.000347
0.225000 1.215865 1.218164 -0.002299
0.262500 1.387107 1.387595 -0.000488
0.300000 1.486339 1.487810 -0.001471
0.337500 1.475982 1.476388 -0.000407
0.375000 1.402048 1.404140 -0.002092
0.412500 1.347705 1.352096 -0.004391
0.450000 1.362009 1.365883 -0.003874
0.487500 1.413063 1.417328 -0.004266
0.525000 1.438279 1.441724 -0.003445
0.562500 1.355652 1.360812 -0.005160
0.600000 1.112959 1.119347 -0.006387
0.637500 0.915554 0.920833 -0.005278
0.675000 0.862993 0.868337 -0.005345
0.712500 0.560583 0.605227 -0.044644
0.750000 -0.791765 0.018652 -0.810416
0.787500 -2.454573 0.000858 -2.455430
0.825000 -3.068596 0.003940 -3.072537
0.862500 -2.615421 0.008583 -2.624004
0.900000 -1.847402 0.011562 -1.858964
0.937500 -1.257441 0.020500 -1.277941
0.975000 -0.843217 0.042604 -0.885821
1.012500 -0.154757 0.182006 -0.336764
1.050000 0.047424 0.222917 -0.175493
1.087500 -0.387085 0.039713 -0.426798
1.125000 -0.633903 0.019613 -0.653515
1.162500 -0.730317 0.013425 -0.743742
